2
93
0 "CWB" 0
1 "GRU" 0
2 "VCP" 0
3 "MGF" 0
4 "SDU" 0
5 "POA" 0
6 "LDB" 0
7 "CAC" 0
8 "CXJ" 0
9 "IGU" 0
10 "CNF" 0
11 "FLN" 0
12 "SJK" 0
13 "SCL" 0
14 "GIG" 0
15 "MAD" 0
16 "FRA" 0
17 "JOI" 0
18 "NVT" 0
19 "XAP" 0
20 "JPA" 0
21 "BEL" 0
22 "PBM" 0
23 "PVH" 0
24 "RBR" 0
25 "CAY" 0
26 "EZE" 0
27 "CGH" 0
28 "BSB" 0
29 "CGR" 0
30 "SSA" 0
31 "LTX" 0
32 "PNZ" 0
33 "BOG" 0
34 "MDE" 0
35 "UIO" 0
36 "AMS" 0
37 "MIA" 0
38 "FOR" 0
39 "MCZ" 0
40 "REC" 0
41 "CPV" 0
42 "CZS" 0
43 "CGB" 0
44 "GYN" 0
45 "MII" 0
46 "THE" 0
47 "SLZ" 0
48 "BPS" 0
49 "VIX" 0
50 "AFL" 0
51 "MOC" 0
52 "MAB" 0
53 "ARU" 0
54 "PMW" 0
55 "ATM" 0
56 "IOS" 0
57 "PET" 0
58 "DOU" 0
59 "IPN" 0
60 "CKS" 0
61 "UDI" 0
62 "JDO" 0
63 "SJP" 0
64 "MAO" 0
65 "SID" 0
66 "PFB" 0
67 "UBA" 0
68 "PPB" 0
69 "JTC" 0
70 "JDF" 0
71 "RAO" 0
72 "AJU" 0
73 "CMG" 0
74 "CLV" 0
75 "CFB" 0
76 "BYO" 0
77 "PLU" 0
78 "AEP" 0
79 "PDP" 0
80 "ASU" 0
81 "LPA" 0
82 "ROS" 0
83 "SDQ" 0
84 "MCO" 0
85 "MVD" 0
86 "CCS" 0
87 "AUA" 0
88 "VVI" 0
89 "COR" 0
90 "IMP" 0
91 "STM" 0
92 "BVB" 0
200
0 1 359
0 2 349
0 3 367
0 4 676
0 5 534
0 6 315
0 7 439
0 8 453
0 9 533
0 10 847
0 11 246
0 12 421
1 13 2614
13 14 2934
15 16 1422
1 15 8378
0 17 86
0 18 159
0 19 390
2 20 2193
21 22 1065
23 24 457
21 25 814
22 25 321
0 26 1368
0 27 331
0 14 673
0 28 1082
0 29 795
0 30 1806
0 31 4178
0 32 2014
0 33 4308
0 34 4524
0 13 2262
0 35 4219
0 36 10111
0 37 6613
20 28 1713
1 20 2190
14 20 1955
20 30 739
20 38 546
20 39 279
20 40 109
20 41 105
24 28 2264
24 42 592
2 30 1458
2 6 411
43 44 745
2 45 301
46 47 317
10 48 627
2 40 2106
10 30 959
2 5 874
2 4 407
2 10 499
2 17 395
2 49 770
1 28 855
1 5 866
29 43 557
43 50 643
1 30 1452
2 28 798
10 51 325
10 47 1895
2 43 1247
28 52 1175
2 53 397
44 54 711
2 44 742
2 14 398
21 55 468
2 38 2330
2 56 1247
2 18 457
5 18 425
5 57 221
2 58 805
3 43 971
10 59 156
11 19 410
5 19 350
10 28 591
23 43 1145
10 60 1637
38 40 627
2 61 472
1 56 1236
2 62 1947
2 63 338
2 7 684
10 61 454
10 43 1360
30 40 649
2 29 828
1 40 2101
1 10 497
10 12 446
4 44 943
10 40 1608
2 3 501
10 21 2087
3 5 729
52 60 127
5 10 1362
2 39 1926
2 64 2620
2 19 721
40 65 3063
2 66 781
38 46 497
10 49 391
30 56 225
2 67 371
2 57 1096
17 18 74
4 49 418
2 68 449
1 4 343
2 69 220
5 9 587
2 9 799
14 40 1859
5 14 1122
4 27 366
2 70 408
2 71 218
1 8 794
2 21 2409
2 11 538
4 10 375
8 10 1290
2 8 798
6 17 399
1 2 83
39 72 216
2 72 1711
29 73 353
44 74 138
10 55 2030
2 32 1670
32 62 278
10 38 1858
30 49 844
2 75 518
5 11 363
29 76 204
2 77 481
4 5 1120
2 48 1115
28 44 163
27 48 1124
1 78 1694
14 26 1996
5 26 875
10 14 362
1 79 1519
1 74 673
11 27 488
10 80 1525
10 81 6117
1 26 1722
5 82 967
1 83 5292
83 84 1625
5 85 706
86 87 391
1 86 4394
37 83 1366
14 83 5410
1 85 1570
1 88 1849
11 26 1237
1 89 1954
28 47 1531
1 80 1137
38 47 647
21 28 1612
1 21 2461
28 30 1085
30 72 253
30 39 468
5 27 838
28 39 1493
23 64 761
3 29 433
28 46 1324
47 90 485
28 90 1151
5 28 1605
21 52 449
21 91 710
64 92 658
28 64 1948
28 38 1692
28 54 622
